8 100000
0.001038736126958245
0.4444879352457633
0.002288525794597455
0.0013079716260494887
0.4344353300629045
0.280614765882215
0.33770410646670324
0.3954433564871356
0.10334996436208126 0.0001541782300339192 0.031195652173913044 0.0032781228433402345 0.0006793478260869565 0.2590217391304348 0.005144575770367243 0.03564894532931554 
0.0001541782300339192 0.0016210739614994933 0.003971631205673759 0.005816353334083831 0.0018439716312056737 0.0 0.00013771259381670453 0.00017554946984060107 
0.031195652173913044 0.003971631205673759 0.3983673469387755 0.2597883597883598 0.0606 0.1764 0.0001941747572815534 0.0028712871287128712 
0.0032781228433402345 0.005816353334083831 0.2597883597883598 0.15839243498817968 0.017777777777777778 0.025714285714285714 0.00010273796681563672 0.0004452826235004453 
0.0006793478260869565 0.0018439716312056737 0.0606 0.017777777777777778 0.0027135678391959797 0.0073 0.00016990291262135922 0.00019801980198019803 
0.2590217391304348 0.0 0.1764 0.025714285714285714 0.0073 0.5216326530612245 0.02495145631067961 0.11811881188118811 
0.005144575770367243 0.00013771259381670453 0.0001941747572815534 0.00010273796681563672 0.00016990291262135922 0.02495145631067961 0.00023679848448969926 0.0023791214072863597 
0.03564894532931554 0.00017554946984060107 0.0028712871287128712 0.0004452826235004453 0.00019801980198019803 0.11811881188118811 0.0023791214072863597 0.013546130732476232 
184
141
50
189
200
50
206
202
