10 100000
0.007524398450338895
0.007254268453175767
0.0013411239787038446
0.00678177255798804
0.005300787103751396
0.0009198928278117751
0.0010783787000733355
0.006929337857603829
0.0071359469744605815
0.007495971974360939
0.0013392596809695648 0.00030139425597906235 0.00043278542412971565 0.00033787866167200663 0.00019554523511259127 0.0 0.00018601959406390806 0.00020742184843470179 0.00029656946495000227 0.0004211902996808717 
0.00030139425597906235 0.005719989251026911 0.010614025724502322 0.0005479592172219929 0.0038245647416991725 0.03925859183936156 0.015231475522375252 0.002784640361403261 0.0011794109971292634 0.0004666240106333714 
0.00043278542412971565 0.010614025724502322 0.02522935779816514 0.0011502911356325583 0.015641569459172854 0.1175573888091822 0.04232424677187949 0.004199449252557041 0.0031816401879615126 0.000852082430355806 
0.00033787866167200663 0.0005479592172219929 0.0011502911356325583 0.0028643056152673632 0.026130507367351383 0.005155651576156339 0.002029526334740908 0.0002584953416985298 0.006172366788684505 0.0011705022641397482 
0.00019554523511259127 0.0038245647416991725 0.015641569459172854 0.026130507367351383 0.1925247902364607 0.12979539641943735 0.0360613810741688 0.0011640953716690041 0.07728360590347029 0.004762239235794058 
0.0 0.03925859183936156 0.1175573888091822 0.005155651576156339 0.12979539641943735 0.66900790166813 0.3282871972318339 0.01226280834914611 0.024487317862924986 7.127245082200893e-05 
0.00018601959406390806 0.015231475522375252 0.04232424677187949 0.002029526334740908 0.0360613810741688 0.3282871972318339 0.10949330227140361 0.005660974067046173 0.007555315704263357 0.0020906585574455953 
0.00020742184843470179 0.002784640361403261 0.004199449252557041 0.0002584953416985298 0.0011640953716690041 0.01226280834914611 0.005660974067046173 0.001526916462556673 0.0003884285291506363 0.000299650841628016 
0.00029656946495000227 0.0011794109971292634 0.0031816401879615126 0.006172366788684505 0.07728360590347029 0.024487317862924986 0.007555315704263357 0.0003884285291506363 0.019708952863018034 0.0015784559292140326 
0.0004211902996808717 0.0004666240106333714 0.000852082430355806 0.0011705022641397482 0.004762239235794058 7.127245082200893e-05 0.0020906585574455953 0.000299650841628016 0.0015784559292140326 0.0010090395302999409 
1423
457
328
599
115
68
102
620
436
619
