10 100000
0.00016387527912826682
0.9060143792148948
0.6706196802014405
0.4328986162643376
0.002999118018911458
0.00018107885965407998
0.4700018970039468
3.7051526014122255e-05
9.083564662024225e-06
9.855324088187025e-06
0.01176155511415627 0.002770068945073928 0.0 0.004372313620868534 5.352172982230786e-05 0.009327377824487651 0.004878448735292912 0.0031814311959492765 0.03944833181218943 0.010805528254846108 
0.002770068945073928 0.0011428410181161465 0.0 0.0009181799632728015 0.0 0.0004822763443453099 0.000507929341384954 0.000709394855345136 0.009967890548652799 0.002323821463243107 
0.0 0.0 1.0 0.0 0.9583333333333334 0.3181818181818182 0.6715425531914894 0.0007267441860465116 0.08157894736842106 0.00036023054755043225 
0.004372313620868534 0.0009181799632728015 0.0 0.3226773226773227 0.003205128205128205 0.30448717948717946 0.2037643207855974 0.058884913536076326 0.01808367071524966 0.015148156358530998 
5.352172982230786e-05 0.0 0.9583333333333334 0.003205128205128205 0.5936507936507937 0.22095959595959597 0.3283096926713948 0.23320413436692505 0.10380116959064327 0.001601024655779699 
0.009327377824487651 0.0004822763443453099 0.3181818181818182 0.30448717948717946 0.22095959595959597 0.4090909090909091 0.2200193423597679 0.08350951374207188 0.11411483253588517 0.11114749803510611 
0.004878448735292912 0.000507929341384954 0.6715425531914894 0.2037643207855974 0.3283096926713948 0.2200193423597679 0.323495767558911 0.0653142008906482 0.015901455767077268 0.008461585627567601 
0.0031814311959492765 0.000709394855345136 0.0007267441860465116 0.058884913536076326 0.23320413436692505 0.08350951374207188 0.0653142008906482 0.14309165526675788 0.009914320685434517 0.005294551303531935 
0.03944833181218943 0.009967890548652799 0.08157894736842106 0.01808367071524966 0.10380116959064327 0.11411483253588517 0.015901455767077268 0.009914320685434517 0.322508398656215 0.06294554830881238 
0.010805528254846108 0.002323821463243107 0.00036023054755043225 0.015148156358530998 0.001601024655779699 0.11114749803510611 0.008461585627567601 0.005294551303531935 0.06294554830881238 0.07071346470989988 
519
377
32
78
36
44
94
86
95
347
