10 100000
0.8289463097340013
0.0009585943198997099
0.00013082534530113428
0.058705098108581495
0.8890204606279007
0.0750069502748212
9.938014752292853e-05
0.0001447385161705619
0.00010573735153721323
8.442305967377784e-05
0.235505471174261 0.0 3.37006706433458e-05 0.07429118989910377 0.03201928042692374 0.7103965481816314 0.0 0.34076433121019106 0.0 3.5985461873403146e-05 
0.0 0.003517146087174978 0.002197219380990264 0.0 0.0005805328001032058 0.0 0.0028286042605851673 0.00477326968973747 0.002462730448618173 0.002454053908283106 
3.37006706433458e-05 0.002197219380990264 0.49403354722503656 0.0022943297279580466 0.5198055198055198 0.002304147465437788 0.1452646902382352 0.7579365079365079 0.018311479181044397 0.11998923863330643 
0.07429118989910377 0.0 0.0022943297279580466 0.004740834386852086 0.1461372877302081 0.4247787610619469 0.0 0.45353982300884954 5.130178273695011e-05 0.00119994000299985 
0.03201928042692374 0.0005805328001032058 0.5198055198055198 0.1461372877302081 0.6546546546546547 0.013077593722755012 0.04862004862004862 0.8783783783783784 0.04598511555033294 0.1977401129943503 
0.7103965481816314 0.0 0.002304147465437788 0.4247787610619469 0.013077593722755012 0.01269169751454257 0.0 0.06451612903225806 0.0003740065451145395 0.0015491160925824676 
0.0 0.0028286042605851673 0.1452646902382352 0.0 0.04862004862004862 0.0 0.07784532252617359 0.2328042328042328 0.004600874166091558 0.010163512988371745 
0.34076433121019106 0.00477326968973747 0.7579365079365079 0.45353982300884954 0.8783783783783784 0.06451612903225806 0.2328042328042328 1.0 0.18115942028985507 0.4915254237288136 
0.0 0.002462730448618173 0.018311479181044397 5.130178273695011e-05 0.04598511555033294 0.0003740065451145395 0.004600874166091558 0.18115942028985507 0.009555106167846309 0.009481699828052076 
3.5985461873403146e-05 0.002454053908283106 0.11998923863330643 0.00119994000299985 0.1977401129943503 0.0015491160925824676 0.010163512988371745 0.4915254237288136 0.009481699828052076 0.02510272213662044 
157
419
189
113
37
62
189
4
345
177
