10 100000
0.07762447501469032
4.184288283628113e-05
0.00012444099676128453
0.008553585961538851
0.060314078529765176
0.4101767418857448
7.152971373262086e-05
0.507309167902289
0.0022272950239292403
0.010660713697938607
0.3076923076923077 0.0 0.03619047619047619 0.009611760271390879 0.005649717514124294 0.001287001287001287 0.0017142857142857142 0.017857142857142856 0.0003812913065582105 0.021482277121374866 
0.0 0.12516110365869695 0.0005072463768115942 0.0 0.0 0.018605562083822955 0.0 0.0 0.0008945149311465264 0.0 
0.03619047619047619 0.0005072463768115942 0.24972972972972973 0.0 0.014387947269303201 0.0036036036036036037 0.003818666666666667 0.13505649717514123 0.0037841043890865953 0.0 
0.009611760271390879 0.0 0.0 0.08351132889391465 0.0 0.0 0.0 0.0 2.3474398820646204e-06 0.0052968833693733015 
0.005649717514124294 0.0 0.014387947269303201 0.0 0.28524653312788906 7.634753397465261e-05 0.011453107344632769 0.0067030546777745855 0.0 1.4159693017855373e-05 
0.001287001287001287 0.018605562083822955 0.0036036036036036037 0.0 7.634753397465261e-05 0.3898332721862134 2.162162162162162e-05 0.0 0.0 0.0 
0.0017142857142857142 0.0 0.003818666666666667 0.0 0.011453107344632769 2.162162162162162e-05 0.04258461538461539 0.0014949152542372882 0.0008797153024911032 0.0 
0.017857142857142856 0.0 0.13505649717514123 0.0 0.0067030546777745855 0.0 0.0014949152542372882 0.10028248587570622 0.0 0.0 
0.0003812913065582105 0.0008945149311465264 0.0037841043890865953 2.3474398820646204e-06 0.0 0.0 0.0008797153024911032 0.0 0.013900552346124228 0.0 
0.021482277121374866 0.0 0.0 0.0052968833693733015 1.4159693017855373e-05 0.0 0.0 0.0 0.0 0.09848742459162983 
14
552
75
379
177
222
625
472
1124
399
