10 100000
0.10516159224776946
0.11170053863239714
0.11549901909663673
0.10695802046895425
0.10335774660739164
0.104621241659024
0.10426516206086905
0.10486602862308306
0.1051890346814888
0.10562648187646789
0.0038095238095238095 0.008404761904761904 0.0 0.006722222222222222 0.0036944444444444446 0.004778761061946903 0.007522222222222222 0.007049808429118774 0.004239130434782609 0.0019920091324200913 
0.008404761904761904 0.6097069597069598 0.8285714285714286 0.28804232804232804 0.36253968253968255 0.06767804466919511 0.10057142857142858 0.028607918263090677 0.23089026915113872 0.0010002174385736029 
0.0 0.8285714285714286 0.7867867867867868 0.23123123123123124 0.32642642642642644 0.0014350633819660368 0.25345345345345344 0.009526768147457803 0.8627497062279671 0.0 
0.006722222222222222 0.28804232804232804 0.23123123123123124 0.5036204744069913 0.022839506172839506 0.01263520157325467 0.05985185185185185 0.07032779906343124 0.020869565217391306 0.0012937595129375952 
0.0036944444444444446 0.36253968253968255 0.32642642642642644 0.022839506172839506 0.25450031036623216 0.030555555555555555 0.033135802469135806 0.008620689655172414 0.07376811594202899 0.0004946727549467276 
0.004778761061946903 0.06767804466919511 0.0014350633819660368 0.01263520157325467 0.030555555555555555 0.024778761061946902 0.021730580137659782 0.01007018614586512 0.009272797229703733 0.0019396290459449631 
0.007522222222222222 0.10057142857142858 0.25345345345345344 0.05985185185185185 0.033135802469135806 0.021730580137659782 0.03857142857142857 0.026053639846743294 0.05688888888888889 0.0018467782851344496 
0.007049808429118774 0.028607918263090677 0.009526768147457803 0.07032779906343124 0.008620689655172414 0.01007018614586512 0.026053639846743294 0.029177718832891247 0.019490254872563718 0.0023968228975314474 
0.004239130434782609 0.23089026915113872 0.8627497062279671 0.020869565217391306 0.07376811594202899 0.009272797229703733 0.05688888888888889 0.019490254872563718 0.4620900076277651 0.0004367679174111574 
0.0019920091324200913 0.0010002174385736029 0.0 0.0012937595129375952 0.0004946727549467276 0.0019396290459449631 0.0018467782851344496 0.0023968228975314474 0.0004367679174111574 0.0015151040197276993 
400
105
37
90
180
226
225
261
115
438
