10 100000
0.033431735006741244
0.03721447630701674
0.033586294311888615
0.0334440764618488
0.034807558918537804
0.03350403435260209
0.033496581714628555
0.03399739127431486
0.03604295074206806
0.03335947595195244
0.0016724399500856932 0.0 6.0289389067524114e-05 0.0019165752042048833 0.019329143525285003 0.002491268433307462 0.002661957724948606 0.005339917317409279 0.03965702036441586 0.001409844175117487 
0.0 1.0 0.012692307692307692 0.0 0.26083916083916087 0.0 0.2471626733921816 0.011721611721611722 0.0 0.0 
6.0289389067524114e-05 0.012692307692307692 0.23354430379746835 8.576329331046312e-05 0.024147727272727272 0.008054956896551724 0.016598360655737703 0.034523809523809526 0.008333333333333333 0.000576923076923077 
0.0019165752042048833 0.0 8.576329331046312e-05 0.006872852233676976 0.04849524403555278 0.007740876560004732 0.016758991086241317 0.017714204034958752 0.20611778158947971 0.007138144873993931 
0.019329143525285003 0.26083916083916087 0.024147727272727272 0.04849524403555278 0.39957716701902746 0.09727664576802508 0.14642324888226527 0.1266233766233766 0.23106060606060605 0.17185314685314684 
0.002491268433307462 0.0 0.008054956896551724 0.007740876560004732 0.09727664576802508 0.026234452967900498 0.02257631430186546 0.04774733169129721 0.05747126436781609 0.009864058355437666 
0.002661957724948606 0.2471626733921816 0.016598360655737703 0.016758991086241317 0.14642324888226527 0.02257631430186546 0.14590163934426228 0.061572989851678375 0.11202185792349727 0.07364438839848676 
0.005339917317409279 0.011721611721611722 0.034523809523809526 0.017714204034958752 0.1266233766233766 0.04774733169129721 0.061572989851678375 0.1347305389221557 0.3878968253968254 0.02847985347985348 
0.03965702036441586 0.0 0.008333333333333333 0.20611778158947971 0.23106060606060605 0.05747126436781609 0.11202185792349727 0.3878968253968254 0.8666666666666667 0.28846153846153844 
0.001409844175117487 0.0 0.000576923076923077 0.007138144873993931 0.17185314685314684 0.009864058355437666 0.07364438839848676 0.02847985347985348 0.28846153846153844 0.06869409660107334 
622
65
80
583
44
464
61
168
6
130
